4
4 0 0 1 11 16 0 0 0 0 7 2 15 0 0 13
0 8 3 12 0 0 7 10 5 13 0 0 11 14 1 0
0 15 7 0 0 0 6 14 3 11 0 0 0 9 16 0
10 11 0 0 0 3 0 0 0 0 14 0 0 0 5 7
14 0 0 0 0 5 0 0 0 0 13 0 0 0 0 11
15 0 0 11 9 2 0 0 0 0 3 1 4 0 0 5
0 9 1 0 0 0 4 0 0 5 0 0 0 13 15 0
0 2 6 0 0 0 0 7 15 0 0 0 0 8 3 0
0 14 2 0 0 0 0 13 7 0 0 0 0 4 11 0
0 1 5 0 0 0 11 0 0 3 0 0 0 10 7 0
16 0 0 7 14 8 0 0 0 0 9 11 3 0 0 1
6 0 0 0 0 12 0 0 0 0 5 0 0 0 0 14
13 5 0 0 0 7 0 0 0 0 6 0 0 0 8 3
0 3 12 0 0 0 5 4 11 2 0 0 0 16 14 0
0 7 9 14 0 0 8 6 16 10 0 0 5 1 4 0
2 0 0 4 3 9 0 0 0 0 15 5 10 0 0 12
